      XGBOOST

ps.labels
   [1] 1 3 3 3 3 3 3 3 3 3 3 3 1 3 3 3 3 3 3 3 3 3 3 3 3 3 3 3 3 3 3 3 3 3 3 3 3 3 3 1 1 1
  [43] 3 1 3 3 4 3 3 3 3 3 3 1 3 3 3 3 3 3 3 3 3 3 3 3 3 3 1 3 3 3 3 3 4 3 3 3 3 3 1 3 3 3
  [85] 3 3 1 3 3 3 3 3 3 3 3 3 3 1 3 3 3 3 3 3 3 3 3 3 3 3 3 3 3 3 3 3 3 1 3 3 3 3 3 3 3 1
 [127] 3 3 3 3 3 3 3 3 1 3 3 3 3 3 3 3 3 3 3 3 3 3 4 3 3 3 3 3 3 3 3 3 3 3 3 3 3 3 1 3 3 3
 [169] 3 3 3 3 3 3 3 3 3 1 3 3 3 3 3 3 3 3 3 3 3 3 3 3 3 3 3 3 3 3 3 3 3 3 3 3 3 3 3 1 3 1
 [211] 3 3 3 3 3 1 3 3 3 3 3 3 3 3 3 3 3 3 3 1 4 3 3 3 3 3 3 3 3 3 3 3 3 3 3 3 3 3 3 3 3 3
 [253] 3 1 3 4 3 3 3 1 3 3 3 3 3 3 1 3 3 3 3 3 3 1 3 3 3 3 4 3 3 3 3 3 3 3 3 3 3 3 3 3 3 3
 [295] 3 3 3 3 3 1 3 3 3 3 3 3 1 3 3 3 3 1 3 3 3 3 3 3 3 3 3 3 3 3 1 3 3 3 3 3 3 1 3 3 3 3
 [337] 3 3 3 3 3 3 4 3 3 3 3 3 3 3 3 3 3 3 3 3 3 3 3 3 3 3 3 3 3 3 3 3 1 3 3 3 3 1 3 3 3 3
 [379] 3 3 3 3 1 3 3 3 3 3 3 3 1 3 3 3 3 3 3 3 3 3 3 3 3 3 3 3 3 3 3 3 3 3 3 3 3 3 3 3 1 3
 [421] 3 1 3 3 1 3 3 3 1 3 3 3 3 4 3 3 3 3 3 3 3 3 3 3 1 3 3 3 3 3 3 3 3 3 3 3 3 3 3 4 3 3
 [463] 3 3 3 3 3 1 3 3 3 3 3 3 3 1 3 3 3 3 3 3 3 3 3 3 3 1 1 3 3 3 1 3 3 3 1 3 3 3 3 3 3 3
 [505] 3 3 3 3 3 3 3 3 3 3 3 3 3 1 1 3 3 3 3 3 3 3 3 3 1 3 1 4 3 3 3 1 3 3 3 3 3 3 3 1 3 3
 [547] 1 3 3 3 3 3 3 1 3 3 3 3 3 3 3 1 1 3 3 3 3 3 3 1 3 3 1 3 3 3 3 3 3 3 3 3 3 1 3 1 3 1
 [589] 1 3 1 3 3 3 1 1 3 3 1 3 3 3 1 1 3 1 3 3 3 3 3 3 3 3 3 3 3 3 3 3 3 1 3 3 3 3 3 3 3 3
 [631] 3 4 3 3 3 1 1 3 3 3 1 3 1 3 1 3 3 3 3 3 3 3 3 3 3 3 3 3 3 3 1 3 1 3 1 3 3 1 3 3 3 3
 [673] 3 3 3 3 3 3 3 3 3 3 3 3 3 4 1 3 3 3 4 3 3 3 3 3 3 3 3 3 3 3 4 3 3 3 3 3 3 3 1 3 3 3
 [715] 3 3 3 1 3 3 3 1 3 3 3 3 3 3 3 1 3 3 3 3 3 3 3 4 4 3 3 3 3 1 4 1 3 1 3 3 3 3 3 3 3 3
 [757] 3 2 2 3 1 4 3 3 3 1 3 1 1 3 3 3 3 3 3 3 3 3 4 3 3 3 3 1 3 3 3 3 3 3 3 3 3 3 3 3 3 4
 [799] 3 3 3 3 3 3 3 3 3 4 3 3 3 1 3 3 3 4 1 3 1 3 3 3 1 1 3 3 3 3 3 1 3 1 3 3 3 3 3 3 3 3
 [841] 3 3 3 3 3 3 3 3 3 3 3 3 3 3 3 3 3 3 1 3 4 1 3 3 3 3 3 3 1 3 3 3 3 3 3 3 3 1 3 3 3 4
 [883] 3 3 3 3 3 1 3 3 3 3 3 3 1 1 1 3 3 3 3 3 3 1 1 3 3 4 3 3 3 3 3 1 3 3 3 3 3 3 3 3 3 3
 [925] 4 1 3 3 3 3 3 1 3 3 3 1 1 4 1 4 3 3 3 3 1 3 1 4 3 3 3 3 3 4 3 3 1 3 3 3 3 3 3 1 3 3
 [967] 3 1 3 3 3 3 1 3 3 3 3 3 3 3 3 3 3 1 3 1 3 4 3 3 3 3 3 3 3 3 3 1 3 3
 [ reached getOption("max.print") -- omitted 4253 entries ]


----------------------------XXXXXXXXXXXXXXXXXXXXXXXX--------------

ps.labels
   [1] 3 3 4 3 3 3 3 3 3 3 3 3 1 4 3 3 3 3 3 3 3 3 3 3 3 3 3 3 3 3 3 3 1 3 3 3 3 3 1 1 1 1
  [43] 1 1 3 3 4 3 3 1 3 3 3 1 1 3 3 3 3 3 3 3 3 3 3 3 3 3 3 3 3 3 3 3 4 3 3 3 4 3 1 3 3 3
  [85] 4 3 1 3 3 3 3 3 3 3 3 3 3 1 3 3 1 3 3 3 3 3 3 3 1 1 3 3 3 3 3 3 1 3 3 4 3 3 3 3 3 1
 [127] 3 1 3 3 3 3 3 3 1 3 3 1 3 3 3 3 3 1 3 3 3 3 4 1 3 3 3 3 3 3 1 1 1 3 3 3 3 3 3 1 3 4
 [169] 3 3 3 3 3 1 1 3 4 1 3 3 3 4 3 3 3 3 3 3 3 3 3 3 3 1 1 3 4 3 3 1 3 3 1 3 3 3 3 1 3 1
 [211] 3 3 3 3 3 1 4 1 3 3 3 3 3 3 1 3 3 3 1 1 4 3 4 3 3 3 3 1 3 3 3 3 4 3 3 3 3 3 3 3 3 1
 [253] 3 1 3 1 3 3 3 1 3 3 3 3 3 3 1 3 3 3 3 3 3 3 3 3 4 3 4 3 1 3 3 1 3 3 3 3 3 4 3 3 3 3
 [295] 3 3 3 3 3 1 1 3 3 3 1 3 3 3 1 1 3 1 1 3 3 3 3 3 3 3 3 3 3 3 1 3 3 3 3 3 3 1 3 3 3 3
 [337] 1 3 3 3 4 3 4 3 3 1 3 1 3 3 3 3 3 3 1 3 3 3 3 3 3 3 3 3 3 3 3 4 1 4 3 3 3 1 3 3 3 3
 [379] 3 3 3 3 1 3 1 3 3 3 3 3 1 3 4 3 3 3 3 3 1 3 3 3 3 3 3 3 3 3 3 3 3 3 1 3 3 3 3 1 1 3
 [421] 4 1 3 1 1 3 3 3 1 3 1 3 3 4 3 1 3 1 3 3 3 3 3 3 4 3 3 1 3 4 3 1 3 3 3 1 3 4 3 4 1 3
 [463] 3 3 3 3 3 3 3 3 3 3 3 3 3 3 4 3 3 3 4 3 1 3 3 1 3 1 1 3 3 3 1 1 3 3 4 3 3 4 3 3 1 3
 [505] 1 3 1 3 3 1 3 3 3 3 3 3 3 4 1 4 3 3 3 3 3 3 3 3 1 3 1 3 3 1 3 1 3 3 3 3 1 3 4 1 3 3
 [547] 1 3 3 3 1 3 3 1 1 3 3 3 3 3 3 1 1 3 3 1 3 3 3 1 3 3 1 3 3 4 3 1 3 3 3 3 3 1 3 1 1 1
 [589] 1 3 3 3 3 1 1 1 3 3 1 4 3 3 1 4 3 3 1 3 3 3 3 3 3 3 4 3 1 4 3 3 1 1 3 3 3 3 3 4 3 3
 [631] 3 4 3 3 1 1 1 3 3 4 1 3 4 1 4 3 3 3 3 3 3 3 3 3 3 3 3 3 3 3 1 3 1 3 4 3 3 1 3 3 3 3
 [673] 3 3 3 3 1 3 3 3 1 3 3 1 2 3 4 3 4 3 4 3 3 3 3 3 3 3 3 3 3 1 4 3 3 3 3 3 3 3 1 3 3 3
 [715] 1 3 4 1 3 3 3 1 3 4 3 3 3 3 3 3 3 3 3 3 4 3 3 4 4 3 3 4 4 4 4 1 3 1 3 3 3 3 3 3 3 3
 [757] 3 2 2 3 1 4 3 3 3 1 3 1 1 3 3 3 3 3 3 3 1 3 4 3 1 3 4 3 3 3 3 3 3 4 4 3 3 3 3 3 3 4
 [799] 3 3 3 3 3 3 4 3 3 4 4 3 3 3 3 3 3 4 4 3 1 3 3 3 1 1 3 3 3 3 3 1 1 4 1 3 1 3 3 3 3 3
 [841] 3 3 3 3 3 1 3 3 3 1 3 3 3 3 3 1 3 3 1 3 4 4 3 3 3 1 3 3 1 3 3 3 3 3 3 3 3 1 3 1 3 1
 [883] 3 1 3 1 3 1 3 1 3 3 3 3 1 1 1 1 3 3 4 1 3 1 1 3 3 1 3 3 3 1 1 1 3 3 3 3 3 3 3 4 3 3
 [925] 4 4 3 3 3 3 3 1 3 3 3 1 1 4 1 4 1 3 3 4 4 3 1 4 3 3 3 3 3 4 3 1 1 3 3 3 1 3 3 1 3 3
 [967] 3 1 3 3 3 3 1 3 3 3 3 3 3 1 3 3 3 1 3 1 3 1 3 1 3 3 3 3 3 3 3 1 3 1
 [ reached getOption("max.print") -- omitted 4253 entries ]